% # columns="iteration, evaluation, min max(neg(.)) min(pos(.)) max correlation, correlation matrix principal axes lengths  (sorted square roots of eigenvalues of correlation matrix)", seed=3, Sun Apr  5 11:35:53 2026
1 8 0.2718971353074565 0.2718971353074565 0.2718971353074565 0.2718971353074565 0.85328943781846 1.1277841705341747
2 16 0.2718971353074565 0.2718971353074565 0.2718971353074565 0.2718971353074565 0.85328943781846 1.1277841705341747
3 24 0.06224862205471567 0.06224862205471567 0.06224862205471567 0.06224862205471567 0.9683756388640126 1.030654462977149
4 32 0.06224862205471567 0.06224862205471567 0.06224862205471567 0.06224862205471567 0.9683756388640126 1.030654462977149
5 40 -0.03855724325440236 -0.03855724325440236 -0.03855724325440236 -0.03855724325440236 0.9805318744159202 1.0190962875285152
6 48 -0.03855724325440236 -0.03855724325440236 -0.03855724325440236 -0.03855724325440236 0.9805318744159202 1.0190962875285152
7 56 -0.3484692899120681 -0.3484692899120681 -0.3484692899120681 -0.3484692899120681 0.8071745226950192 1.1612361042923476
8 64 -0.3484692899120681 -0.3484692899120681 -0.3484692899120681 -0.3484692899120681 0.8071745226950192 1.1612361042923476
9 72 -0.6519772798822858 -0.6519772798822858 -0.6519772798822858 -0.6519772798822858 0.5899345049390772 1.2852926825755626
10 80 -0.6519772798822858 -0.6519772798822858 -0.6519772798822858 -0.6519772798822858 0.5899345049390772 1.2852926825755626
11 88 -0.8933990245416409 -0.8933990245416409 -0.8933990245416409 -0.8933990245416409 0.3264980481692947 1.3760083664504519
12 96 -0.8933990245416409 -0.8933990245416409 -0.8933990245416409 -0.8933990245416409 0.3264980481692947 1.3760083664504519
13 104 -0.9433645612663196 -0.9433645612663196 -0.9433645612663196 -0.9433645612663196 0.23798201346673284 1.3940461115997274
14 112 -0.9433645612663196 -0.9433645612663196 -0.9433645612663196 -0.9433645612663196 0.23798201346673284 1.3940461115997274
15 120 -0.9421374164118809 -0.9421374164118809 -0.9421374164118809 -0.9421374164118809 0.24054642709489418 1.3936059042684488
16 128 -0.9421374164118809 -0.9421374164118809 -0.9421374164118809 -0.9421374164118809 0.24054642709489418 1.3936059042684488
17 136 -0.9374794231641529 -0.9374794231641529 -0.9374794231641529 -0.9374794231641529 0.2500411502850023 1.3919336992702465
18 144 -0.9374794231641529 -0.9374794231641529 -0.9374794231641529 -0.9374794231641529 0.2500411502850023 1.3919336992702465
19 152 -0.9655809381907511 -0.9655809381907511 -0.9655809381907511 -0.9655809381907511 0.1855237499870269 1.4019917753648738
20 160 -0.9655809381907511 -0.9655809381907511 -0.9655809381907511 -0.9655809381907511 0.1855237499870269 1.4019917753648738
21 168 -0.9476774296282165 -0.9476774296282165 -0.9476774296282165 -0.9476774296282165 0.22874127387024698 1.395592143008915
22 176 -0.9476774296282165 -0.9476774296282165 -0.9476774296282165 -0.9476774296282165 0.22874127387024698 1.395592143008915
23 184 -0.985647900592149 -0.985647900592149 -0.985647900592149 -0.985647900592149 0.1198002479456991 1.4091301929176554
24 192 -0.985647900592149 -0.985647900592149 -0.985647900592149 -0.985647900592149 0.1198002479456991 1.4091301929176554
25 200 -0.993343481713889 -0.993343481713889 -0.993343481713889 -0.993343481713889 0.08158748853905966 1.4118581662879204
26 208 -0.993343481713889 -0.993343481713889 -0.993343481713889 -0.993343481713889 0.08158748853905966 1.4118581662879204
27 216 -0.9951418899803839 -0.9951418899803839 -0.9951418899803839 -0.9951418899803839 0.06970014361259277 1.412494916798069
28 224 -0.9951418899803839 -0.9951418899803839 -0.9951418899803839 -0.9951418899803839 0.06970014361259277 1.412494916798069
29 232 -0.9894519840096206 -0.9894519840096206 -0.9894519840096206 -0.9894519840096206 0.10270353445904068 1.4104793454743039
30 240 -0.9894519840096206 -0.9894519840096206 -0.9894519840096206 -0.9894519840096206 0.10270353445904068 1.4104793454743039
31 248 -0.9959377447367173 -0.9959377447367173 -0.9959377447367173 -0.9959377447367173 0.06373582401823012 1.4127766082211006
32 256 -0.9959377447367173 -0.9959377447367173 -0.9959377447367173 -0.9959377447367173 0.06373582401823012 1.4127766082211006
33 264 -0.9945250060925694 -0.9945250060925694 -0.9945250060925694 -0.9945250060925694 0.07399320176496212 1.4122765331522609
34 272 -0.9945250060925694 -0.9945250060925694 -0.9945250060925694 -0.9945250060925694 0.07399320176496212 1.4122765331522609
35 280 -0.9932434975757694 -0.9932434975757694 -0.9932434975757694 -0.9932434975757694 0.08219794659376051 1.4118227571390713
36 288 -0.9932434975757694 -0.9932434975757694 -0.9932434975757694 -0.9932434975757694 0.08219794659376051 1.4118227571390713
37 296 -0.9960937774209782 -0.9960937774209782 -0.9960937774209782 -0.9960937774209782 0.06249978063178845 1.4128318291364255
38 304 -0.9960937774209782 -0.9960937774209782 -0.9960937774209782 -0.9960937774209782 0.06249978063178845 1.4128318291364255
39 312 -0.9966715973131709 -0.9966715973131709 -0.9966715973131709 -0.9966715973131709 0.05769231046533836 1.413036304315346
40 320 -0.9966715973131709 -0.9966715973131709 -0.9966715973131709 -0.9966715973131709 0.05769231046533836 1.413036304315346
41 328 -0.9977001223455149 -0.9977001223455149 -0.9977001223455149 -0.9977001223455149 0.04795703967599572 1.4134001989335911
